close all; clear all; clc

results=[0.0000000000 0.1688693098 0.3502202643 0.1798825257 0.2540381791 0.0932452276 0.1497797357 0.1328928047 0.2408223201 0.0117474302 0.0433186490 0.5491923642 0.2569750367 0.4302496329 0.0726872247 0.2305433186 0.0007342144 0.6938325991 0.2540381791 0.6284875184 0.0976505140 0.1108663730 0.0792951542 0.0146842878 0.0778267254 0.0154185022 0.0000000000 0.0000000000 ,
0.1688693098 0.0000000000 0.0051395007 0.0088105727 0.1013215859 0.0000000000 0.0036710720 0.0044052863 0.1064610866 0.0051395007 0.0014684288 0.1358296623 0.0418502203 0.0058737151 0.1152716593 0.0022026432 0.0000000000 0.1035242291 0.0256975037 0.0301027900 0.1027900147 0.0022026432 0.0022026432 0.0007342144 0.0168869310 0.0000000000 0.0000000000 0.0007342144 ,
0.3502202643 0.0051395007 0.0000000000 0.0293685756 0.2892804699 0.0286343612 0.0029368576 0.1541850220 0.3113069016 0.0029368576 0.0704845815 0.1226138032 0.0110132159 0.1358296623 0.4676945668 0.0227606461 0.0029368576 0.1314243759 0.1035242291 0.1930983847 0.1424375918 0.0051395007 0.0007342144 0.0190895742 0.0403817915 0.0007342144 0.0000000000 0.0036710720 ,
0.1798825257 0.0088105727 0.0293685756 0.0000000000 0.3891336270 0.0044052863 0.0227606461 0.0066079295 0.3223201175 0.0029368576 0.0022026432 0.0572687225 0.0190895742 0.2195301028 0.1299559471 0.0058737151 0.0007342144 0.1218795888 0.0176211454 0.0234948605 0.0895741557 0.0198237885 0.0124816446 0.0007342144 0.0359765051 0.0007342144 0.0007342144 0.0022026432 ,
0.2540381791 0.1013215859 0.2892804699 0.3891336270 0.0000000000 0.1262848752 0.1938325991 0.1600587372 0.1255506608 0.0242290749 0.0690161527 0.4581497797 0.2885462555 0.5102790015 0.0491923642 0.2422907489 0.0220264317 1.0000000000 0.4177679883 0.5337738620 0.0712187959 0.2665198238 0.0807635830 0.1013215859 0.0506607930 0.0381791483 0.0007342144 0.0022026432 ,
0.0932452276 0.0000000000 0.0286343612 0.0044052863 0.1262848752 0.0000000000 0.0022026432 0.0044052863 0.1402349486 0.0000000000 0.0022026432 0.0690161527 0.0022026432 0.0528634361 0.1049926579 0.0007342144 0.0000000000 0.0616740088 0.0088105727 0.0359765051 0.0712187959 0.0000000000 0.0036710720 0.0000000000 0.0234948605 0.0000000000 0.0007342144 0.0007342144 ,
0.1497797357 0.0036710720 0.0029368576 0.0227606461 0.1938325991 0.0022026432 0.0000000000 0.0580029369 0.1930983847 0.0000000000 0.0022026432 0.0668135095 0.0124816446 0.2246696035 0.0712187959 0.0022026432 0.0000000000 0.1556534508 0.0124816446 0.0301027900 0.0829662261 0.0029368576 0.0007342144 0.0000000000 0.0168869310 0.0007342144 0.0014684288 0.0022026432 ,
0.1328928047 0.0044052863 0.1541850220 0.0066079295 0.1600587372 0.0044052863 0.0580029369 0.0000000000 0.1123348018 0.0000000000 0.0000000000 0.0102790015 0.0088105727 0.0205580029 0.1255506608 0.0477239354 0.0007342144 0.0411160059 0.1101321586 0.1982378855 0.0425844347 0.0000000000 0.0367107195 0.0036710720 0.0279001468 0.0000000000 0.0000000000 0.0007342144 ,
0.2408223201 0.1064610866 0.3113069016 0.3223201175 0.1255506608 0.1402349486 0.1930983847 0.1123348018 0.0000000000 0.0007342144 0.0381791483 0.4089574156 0.2679882526 0.7143906021 0.2444933921 0.1233480176 0.0044052863 0.3803230543 0.4295154185 0.6314243759 0.0763582966 0.2136563877 0.0506607930 0.0330396476 0.0227606461 0.0374449339 0.0007342144 0.0007342144 ,
0.0117474302 0.0051395007 0.0029368576 0.0029368576 0.0242290749 0.0000000000 0.0000000000 0.0000000000 0.0007342144 0.0000000000 0.0000000000 0.0000000000 0.0000000000 0.0058737151 0.0176211454 0.0000000000 0.0000000000 0.0000000000 0.0000000000 0.0000000000 0.0198237885 0.0000000000 0.0000000000 0.0000000000 0.0000000000 0.0000000000 0.0000000000 0.0000000000 ,
0.0433186490 0.0014684288 0.0704845815 0.0022026432 0.0690161527 0.0022026432 0.0022026432 0.0000000000 0.0381791483 0.0000000000 0.0000000000 0.0198237885 0.0022026432 0.0462555066 0.0242290749 0.0014684288 0.0000000000 0.0264317181 0.0293685756 0.0029368576 0.0029368576 0.0007342144 0.0044052863 0.0000000000 0.0117474302 0.0000000000 0.0000000000 0.0007342144 ,
0.5491923642 0.1358296623 0.1226138032 0.0572687225 0.4581497797 0.0690161527 0.0668135095 0.0102790015 0.4089574156 0.0000000000 0.0198237885 0.0000000000 0.0264317181 0.0580029369 0.3120411160 0.1248164464 0.0000000000 0.0455212922 0.0690161527 0.1358296623 0.2239353891 0.0293685756 0.0124816446 0.0022026432 0.1424375918 0.0139500734 0.0014684288 0.0044052863 ,
0.2569750367 0.0418502203 0.0110132159 0.0190895742 0.2885462555 0.0022026432 0.0124816446 0.0088105727 0.2679882526 0.0000000000 0.0022026432 0.0264317181 0.0000000000 0.0704845815 0.2621145374 0.1387665198 0.0000000000 0.0807635830 0.0506607930 0.0697503671 0.1152716593 0.0007342144 0.0007342144 0.0029368576 0.0301027900 0.0022026432 0.0000000000 0.0000000000 ,
0.4302496329 0.0058737151 0.1358296623 0.2195301028 0.5102790015 0.0528634361 0.2246696035 0.0205580029 0.7143906021 0.0058737151 0.0462555066 0.0580029369 0.0704845815 0.0000000000 0.5704845815 0.0176211454 0.0088105727 0.0917767988 0.1718061674 0.4265785609 0.1732745962 0.0660792952 0.0242290749 0.0014684288 0.0440528634 0.0058737151 0.0000000000 0.0000000000 ,
0.0726872247 0.1152716593 0.4676945668 0.1299559471 0.0491923642 0.1049926579 0.0712187959 0.1255506608 0.2444933921 0.0176211454 0.0242290749 0.3120411160 0.2621145374 0.5704845815 0.0000000000 0.1916299559 0.0014684288 0.5345080764 0.2114537445 0.3024963289 0.1938325991 0.0976505140 0.0998531571 0.0117474302 0.0403817915 0.0080763583 0.0014684288 0.0014684288 ,
0.2305433186 0.0022026432 0.0227606461 0.0058737151 0.2422907489 0.0007342144 0.0022026432 0.0477239354 0.1233480176 0.0000000000 0.0014684288 0.1248164464 0.1387665198 0.0176211454 0.1916299559 0.0000000000 0.0000000000 0.2415565345 0.1350954479 0.0616740088 0.1035242291 0.0000000000 0.0022026432 0.0301027900 0.0161527166 0.0000000000 0.0000000000 0.0014684288 ,
0.0007342144 0.0000000000 0.0029368576 0.0007342144 0.0220264317 0.0000000000 0.0000000000 0.0007342144 0.0044052863 0.0000000000 0.0000000000 0.0000000000 0.0000000000 0.0088105727 0.0014684288 0.0000000000 0.0000000000 0.0000000000 0.0036710720 0.0000000000 0.0631424376 0.0000000000 0.0000000000 0.0007342144 0.0000000000 0.0000000000 0.0000000000 0.0000000000 ,
0.6938325991 0.1035242291 0.1314243759 0.1218795888 1.0000000000 0.0616740088 0.1556534508 0.0411160059 0.3803230543 0.0000000000 0.0264317181 0.0455212922 0.0807635830 0.0917767988 0.5345080764 0.2415565345 0.0000000000 0.0000000000 0.0881057269 0.4508076358 0.2466960352 0.0528634361 0.0264317181 0.0051395007 0.1108663730 0.0022026432 0.0000000000 0.0044052863 ,
0.2540381791 0.0256975037 0.1035242291 0.0176211454 0.4177679883 0.0088105727 0.0124816446 0.1101321586 0.4295154185 0.0000000000 0.0293685756 0.0690161527 0.0506607930 0.1718061674 0.2114537445 0.1350954479 0.0036710720 0.0881057269 0.0000000000 0.4096916300 0.2841409692 0.0168869310 0.0220264317 0.0000000000 0.0506607930 0.0000000000 0.0000000000 0.0000000000 ,
0.6284875184 0.0301027900 0.1930983847 0.0234948605 0.5337738620 0.0359765051 0.0301027900 0.1982378855 0.6314243759 0.0000000000 0.0029368576 0.1358296623 0.0697503671 0.4265785609 0.3024963289 0.0616740088 0.0000000000 0.4508076358 0.4096916300 0.0000000000 0.2187958884 0.0256975037 0.0110132159 0.0198237885 0.1417033774 0.0088105727 0.0022026432 0.0029368576 ,
0.0976505140 0.1027900147 0.1424375918 0.0895741557 0.0712187959 0.0712187959 0.0829662261 0.0425844347 0.0763582966 0.0198237885 0.0029368576 0.2239353891 0.1152716593 0.1732745962 0.1938325991 0.1035242291 0.0631424376 0.2466960352 0.2841409692 0.2187958884 0.0000000000 0.0080763583 0.0000000000 0.0051395007 0.0058737151 0.0029368576 0.0007342144 0.0007342144 ,
0.1108663730 0.0022026432 0.0051395007 0.0198237885 0.2665198238 0.0000000000 0.0029368576 0.0000000000 0.2136563877 0.0000000000 0.0007342144 0.0293685756 0.0007342144 0.0660792952 0.0976505140 0.0000000000 0.0000000000 0.0528634361 0.0168869310 0.0256975037 0.0080763583 0.0000000000 0.0022026432 0.0000000000 0.0088105727 0.0000000000 0.0000000000 0.0000000000 ,
0.0792951542 0.0022026432 0.0007342144 0.0124816446 0.0807635830 0.0036710720 0.0007342144 0.0367107195 0.0506607930 0.0000000000 0.0044052863 0.0124816446 0.0007342144 0.0242290749 0.0998531571 0.0022026432 0.0000000000 0.0264317181 0.0220264317 0.0110132159 0.0000000000 0.0022026432 0.0000000000 0.0000000000 0.0073421439 0.0000000000 0.0007342144 0.0000000000 ,
0.0146842878 0.0007342144 0.0190895742 0.0007342144 0.1013215859 0.0000000000 0.0000000000 0.0036710720 0.0330396476 0.0000000000 0.0000000000 0.0022026432 0.0029368576 0.0014684288 0.0117474302 0.0301027900 0.0007342144 0.0051395007 0.0000000000 0.0198237885 0.0051395007 0.0000000000 0.0000000000 0.0000000000 0.0022026432 0.0000000000 0.0000000000 0.0007342144 ,
0.0778267254 0.0168869310 0.0403817915 0.0359765051 0.0506607930 0.0234948605 0.0168869310 0.0279001468 0.0227606461 0.0000000000 0.0117474302 0.1424375918 0.0301027900 0.0440528634 0.0403817915 0.0161527166 0.0000000000 0.1108663730 0.0506607930 0.1417033774 0.0058737151 0.0088105727 0.0073421439 0.0022026432 0.0000000000 0.0051395007 0.0022026432 0.0007342144 ,
0.0154185022 0.0000000000 0.0007342144 0.0007342144 0.0381791483 0.0000000000 0.0007342144 0.0000000000 0.0374449339 0.0000000000 0.0000000000 0.0139500734 0.0022026432 0.0058737151 0.0080763583 0.0000000000 0.0000000000 0.0022026432 0.0000000000 0.0088105727 0.0029368576 0.0000000000 0.0000000000 0.0000000000 0.0051395007 0.0000000000 0.0000000000 0.0000000000 ,
0.0000000000 0.0000000000 0.0000000000 0.0007342144 0.0007342144 0.0007342144 0.0014684288 0.0000000000 0.0007342144 0.0000000000 0.0000000000 0.0014684288 0.0000000000 0.0000000000 0.0014684288 0.0000000000 0.0000000000 0.0000000000 0.0000000000 0.0022026432 0.0007342144 0.0000000000 0.0007342144 0.0000000000 0.0022026432 0.0000000000 0.0000000000 0.0000000000 ,
0.0000000000 0.0007342144 0.0036710720 0.0022026432 0.0022026432 0.0007342144 0.0022026432 0.0007342144 0.0007342144 0.0000000000 0.0007342144 0.0044052863 0.0000000000 0.0000000000 0.0014684288 0.0014684288 0.0000000000 0.0044052863 0.0000000000 0.0029368576 0.0007342144 0.0000000000 0.0000000000 0.0007342144 0.0007342144 0.0000000000 0.0000000000 0.0000000000];

bar3(results)

xlabel('字符序号');ylabel('字符序号');zlabel('频率')

%title('A2')